# oST version 5.0 parameters


[image]

width
640

height
480

[narrow_stereo]

camera matrix
573.325909 0.000000 321.584607
0.000000 575.734209 274.648765
0.000000 0.000000 1.000000

distortion
0.123373 -0.203718 0.007816 0.004589 0.000000

rectification
1.000000 0.000000 0.000000
0.000000 1.000000 0.000000
0.000000 0.000000 1.000000

projection
585.820743 0.000000 324.192969 0.000000
0.000000 587.412452 277.759929 0.000000
0.000000 0.000000 1.000000 0.000000
